UID	row_clusters-flat	HSCP-1	NK	HSCP-2	Meg	Eryth	Multi-Lin	IG2	DC	MDP	Mono	Gran	Myelocyte
column_clusters-flat		HSCP-1	NK	HSCP-2	Meg	Eryth	Multi-Lin	IG2	DC	MDP	Mono	Gran	Myelocyte
Egr1	7	9.039494855	1.378511623	9.760137763	3.773497761	6.2773770355	8.641329262	8.040070491	1.485426827	4.8636758855	0.5704547535	0.0	0.0
Fos	7	9.493715375	10.58442703	10.04343747	3.3722218425	7.119991479	10.61926627	8.925702781	8.435086815	7.8124909385	7.243799761	5.174258412	5.375575473
Zfp36	7	8.10213319	7.888073488	7.995371451	1.5335611965	1.197682236	6.789729251	6.788033114	9.075051225	7.1177648305	4.3240471835	3.5741899875	3.6286821345
Dusp1	7	7.472406536	1.739848103	8.837375637	1.33053274	2.744516138	8.822220272	7.238404739	5.15704371	1.8245777815	2.999549017	0.5057478195	4.63419778
Jun	7	5.27351589	0.948600847	6.991748578	5.898899288	5.9252934225	6.783980414	6.414135533	5.616475329	5.3002019725	4.795944409	2.741888545	5.0448553955
Btg2	7	7.874489611	6.349612972	3.942983598	6.1791430705	5.030832484	8.215678597	8.041001987	8.666721092	5.298530351	3.9813953815	5.951268318	4.5647316715
Fosb	7	0.5360529	0.831877241	1.464668267	0.3446495805	0.0	5.274634403	4.27351589	4.054848477	1.8685080435	0.280846361	0.263034406	0.0
Cpa3	7	0.0	1.042644337	0.0	0.8278133005	0.0	10.22413436	7.580522394	0.0	0.613038445	0.0	0.0	0.0
Csrp3	7	0.0	0.0	0.0	0.0	0.0	0.0	0.0	0.0	0.0	0.0	0.0	0.0
Itga2b	7	0.0	0.0	0.0	7.1403635025	0.0	0.378511623	0.0	0.0	0.0	0.0	0.0	0.0
F2r	7	0.0	0.0	0.0	7.5321714815	3.848808383	0.0	0.0	0.0	0.0	0.0	0.0	0.0
Treml1	7	0.0	0.0	0.0	5.63128426	0.0	0.0	0.0	0.0	0.0	0.0	0.0	0.0
F2rl2	7	0.0	0.0	0.0	3.9172156145	0.0	0.0	0.0	0.0	0.0	0.0	0.0	0.0
Sdpr	7	0.0	0.0	0.0	6.7599208175	0.0	0.0	0.0	0.0	0.0	0.0	0.0	0.0
Pf4	7	0.0	1.757023247	0.0	12.24700849	1.4160196665	0.0	0.0	1.687060688	0.0	0.0	0.0	0.0
Rab27b	7	0.0	0.0	0.0	3.696351045	0.0	0.0	0.0	0.137503524	0.0	0.0	0.0	0.0
Apbb1	7	0.0	0.0	0.0	0.0	0.0	0.0	0.0	0.0	0.0	0.0	0.0	0.0
Tinagl1	7	0.0	0.0	0.0	0.0	0.0	0.0	0.0	0.0	0.0	0.0	0.0	0.0
Gimap6	7	8.804292387	9.92341663	7.268191079	0.0	0.0	0.748461233	0.0	0.0	0.0	0.0	0.0	0.0
Ctla2b	7	6.087674987	5.904724928	7.310067408	2.471815348	0.0	0.0	0.0	1.15704371	0.0	0.0	0.0	0.0
Gcnt2	7	5.588564737	0.0	6.314877757	0.4761667835	0.0	1.655351829	0.189033824	0.0	0.3158548225	0.0	0.0	0.0
Calcrl	7	8.170876466	0.0	6.18646094	1.2246089965	0.46980136	0.0	3.626439137	0.286881148	1.713266569	0.0	0.0	1.1533644335
Gimap1	7	4.676944359	0.0	3.237257771	0.0	0.0	0.98550043	0.97819563	0.0	0.0	0.0	0.0	0.0
B2m	7	11.98829769	13.81958536	12.17175539	11.490506015	11.468039145	11.16427215	10.97466553	10.79706163	11.33065807	11.10158627	10.925490815	10.60169054
Zfp608	7	3.217230716	0.0	3.023255352	0.0	0.0	0.189033824	1.220329955	0.0	0.176266278	0.1309158295	0.0	0.0
Pde4b	7	3.956056652	0.0	3.994579724	0.5338193585	0.4263989465	1.989139007	1.344828497	0.0	0.327584309	0.0	0.0	0.0
Ikzf2	7	0.565597176	0.176322773	3.626439137	0.143440574	0.4732531495	4.56924803	0.516015147	0.097610797	0.0	0.0	0.0	0.0
Cbfa2t3	7	5.622344723	5.723012396	6.414304695	6.38370094	6.3519636145	4.916476644	1.339137385	6.44625623	3.5602609905	3.47549545	2.402607528	0.0
Tmem176b	7	9.677208707	1.150559677	9.026080745	7.165422122	0.92215265	8.095871689	8.625854931	1.673556424	8.935533929	7.35216704	0.0	0.0
Abcg1	7	8.411934625	4.391630262	8.472487771	7.0878971725	2.7053096245	6.050719348	5.432625411	7.776433032	4.556201768	4.988097817	0.932127746	0.068751762
Myct1	7	0.910732662	0.0	3.502075956	0.2375424415	0.0	0.659924558	0.0	0.0	0.0	0.0	0.0	0.0
Tsc22d1	7	8.170525999	0.0	6.289834465	3.011554473	4.945949557	0.0	0.0	0.0	1.111170448	0.0	0.0	0.0
Msi2	7	5.658782734	0.250961574	5.697384631	3.959769857	3.3579082565	3.770829046	1.815575429	0.22650853	0.388893952	0.1309158295	0.0	0.0
Gpr133	7	0.0	0.0	0.0	0.0	0.0	0.0	0.0	0.0	0.0	0.0	0.0	0.0
Tmem40	7	0.0	1.250961574	1.327687364	8.6373271465	0.524815384	0.0	0.0	0.0	0.0	0.0	1.600942371	3.1222551785
Fhl1	7	0.0	0.0	0.0	0.0	0.0	0.0	0.0	0.0	0.0	0.0	0.0	0.0
Tbxas1	7	0.0	0.0	0.0	6.0815900945	0.0	0.0	0.0	0.0	0.0	0.0	0.0	0.0
Plxnc1	7	0.163498732	4.535430915	0.321928095	5.309441876	3.68068329	0.0	0.0	0.0	0.232647695	0.0	0.0	0.0
Tal1	7	0.0	0.0	0.298658316	2.5796107365	4.137963767	0.0	0.0	0.0	0.0	0.0	0.0	0.0
Mllt3	7	0.0	0.0	0.0	0.11939343	0.0	0.0	0.0	0.40053793	0.0	0.0	0.0	0.0
Gng11	7	0.0	0.0	0.0	4.958605844	0.0	0.0	0.0	0.0	0.0	0.0	0.0	0.0
Lmo2	7	7.220136447	0.0	8.107687869	7.934552835	7.2428000325	6.589613698	6.705425039	0.5360529	5.8604041135	5.8493766385	6.0749974035	3.3551690425
Tgtp2	7	8.604886762	7.413120146	7.12763328	1.653481062	4.9546615455	2.432959407	0.0	0.0	1.563965186	0.0	0.0	0.0
Csgalnact1	7	0.0	0.0	0.0	1.484736432	0.0	0.0	0.0	0.0	0.0	0.0	0.0	0.0
Ube2l6	7	3.528571319	0.0	3.99095486	2.950032477	3.285049284	0.0	0.0	0.604071324	0.352435982	0.0	0.61694403	6.712249287
Ptplad2	7	0.0	0.0	0.0	0.0	0.0	0.0	0.0	0.0	0.0	0.0	0.0	0.0
Pbx1	7	0.263034406	0.23878686	1.851998837	8.174963424	0.3102932055	0.650764559	0.0	1.485426827	0.081749366	0.0	0.0	0.4781770425
Gucy1a3	7	0.0	0.0	0.0	0.194783406	0.0	0.0	0.0	0.0	0.0	0.0	0.0	0.0
Serpina3g	7	1.169925001	5.836429131	4.820689561	5.627731483	0.0	3.246408087	3.593353771	0.0	0.0	0.0	0.0	0.0
Mmrn1	7	0.0	0.0	0.0	3.177023287	0.0	0.0	0.0	0.0	0.0	0.0	0.0	0.0
Tmem181c-ps	7	4.474436043	0.0	3.981852653	3.2071117495	2.4810616385	2.353323291	1.794935663	0.389566812	1.235853863	1.744135384	1.04947924	1.3861539875
Hlf	7	2.543495883	0.0	4.844486088	0.0	0.0	0.0	0.0	0.0	0.0	0.0	0.0	0.0
Mpl	7	0.59454855	0.0	1.531069493	7.8186328665	0.0	0.0	0.0	0.0	0.0	0.0	0.0	0.0
Adamtsl5	7	0.0	0.0	0.0	0.0	0.0	0.0	0.0	0.0	0.0	0.0	0.0	0.0
Il7	7	0.0	0.0	0.0	0.0	0.0	0.0	0.0	0.0	0.0	0.0	0.0	0.0
Vdr	7	0.0	0.0	0.0	0.0	0.0	0.0	0.0	0.0	0.0	0.0	0.0	0.0
Scml2	7	0.0	0.0	0.0	0.0	0.0	0.0	0.0	0.0	0.0	0.0	0.0	0.0
Zbtb9	7	0.0	0.0	0.0	0.0	0.0	0.0	0.0	0.0	0.0	0.0	0.0	0.0
Tha1	7	0.0	0.713695815	0.0	0.0	0.0	0.0	0.0	0.0	0.0	0.0	0.0	0.0
Samd12	7	0.0	0.0	0.0	0.0	0.0	0.0	0.0	0.0	0.0	0.0	0.0	0.0
Mecom	7	0.0	0.0	0.0	0.0	0.0	0.0	0.0	0.0	0.0	0.0	0.0	0.0
Fstl1	7	0.0	0.0	0.0	0.0	0.0	0.0	0.0	0.0	0.0	0.0	0.0	0.0
Tnip3	7	0.0	0.0	0.0	0.0	0.0	0.0	0.0	0.0	0.0	0.0	0.0	0.0
Gata3	7	0.0	6.986638472	0.0	0.0	0.0	0.0	0.0	0.0	0.0	0.0	0.0	0.0
Nkx2-3	7	0.0	0.0	0.0	0.0	0.0	0.0	0.0	0.0	0.0	0.0	0.0	0.0
Unc5a	7	0.0	0.0	0.0	0.0	0.0	0.0	0.0	0.0	0.0	0.0	0.0	0.0
Procr	7	0.0	0.0	0.0	0.0	0.0	0.0	0.0	0.0	0.0	0.0	0.0	0.0
Tgm2	7	0.0	0.0	0.0	0.0	0.0	0.0	0.0	0.0	0.0	0.0	0.0	0.0
Abcg3	7	0.0	0.0	0.0	0.0	0.0	0.0	0.0	0.0	0.0	0.0	0.0	0.0
Bex4	7	0.0	0.0	0.0	0.0	0.0	0.0	0.0	0.0	0.0	0.0	0.0	0.0
Clec1a	7	0.0	0.0	0.0	0.0	0.0	0.0	0.0	0.0	0.0	0.0	0.0	0.0
Tmem140	7	0.0	0.0	0.0	0.0	0.0	0.0	0.0	0.0	0.0	0.0	0.0	0.0
Ctnnal1	7	0.0	0.0	0.0	0.0	0.0	0.0	0.0	0.0	0.0	0.0	0.0	0.0
Glul	7	0.941106311	0.613531653	2.066950244	0.2375424415	3.072792878	0.90303827	2.189033824	0.0	0.759015746	1.2226779595	0.9068033875	0.0
Cdc42bpb	7	0.0	0.0	0.0	0.0	0.0	0.0	0.0	0.0	0.0	0.0	0.0	0.0
Ttc23	7	0.0	0.0	0.0	0.0	0.0	0.0	0.0	0.0	0.0	0.0	0.0	0.0
Slc16a9	7	0.0	0.0	0.0	0.0	0.0	0.0	0.0	0.0	0.0	0.0	0.0	0.0
Unc45b	7	0.0	0.0	0.0	0.0	0.0	0.0	0.0	0.0	0.0	0.0	0.0	0.0
Cish	7	0.0	0.0	0.0	0.0	0.0	0.0	0.0	0.0	0.0	0.0	0.0	0.0
Ptprf	7	0.0	0.0	0.0	0.0	0.0	0.0	0.0	0.0	0.0	0.0	0.0	0.0
Cadps2	7	0.0	0.0	0.0	0.0	0.0	0.0	0.0	0.0	0.0	0.0	0.0	0.0
Cdcp1	7	0.0	0.0	0.0	0.0	0.0	0.0	0.0	0.0	0.0	0.0	0.0	0.0
Trim6	7	0.0	0.0	0.0	0.0	0.0	0.0	0.0	0.0	0.0	0.0	0.0	0.0
Rgs1	7	5.542877099	0.0	6.058099988	3.594727472	1.5644106405	6.338959175	0.0	0.90303827	0.0	0.0	0.0	0.0
Angpt1	7	5.870611313	0.0	7.349966747	7.4479610515	0.993059818	6.434461432	3.931683057	0.0	0.2568969535	0.0	0.0	0.0
Gpr56	7	8.39459131	1.021479727	8.933690655	8.394665894	6.8742387615	8.612684233	8.278681758	0.389566812	5.4822776535	0.959383925	0.0	0.0
Car2	7	8.9175511	5.263034406	10.79113032	9.023548136	11.67173878	5.353676158	3.066950244	1.333423734	1.468295415	0.0	0.0	0.0
Ctla2a	7	7.678071905	4.771885579	8.584661908	5.9632128635	3.3632793895	5.988230223	4.46662712	4.160274831	3.210956669	2.520621491	2.5030255595	1.859985971
Meis1	7	7.774852935	0.454175893	9.018979052	8.3731716745	1.091759137	5.62556274	0.565597176	0.411426246	1.173123887	0.0	0.0	0.0
Lat	7	0.0	0.0	0.0	4.7108932525	0.0	0.0	0.0	0.0	0.0	0.0	0.0	0.0
Nrgn	7	0.0	0.0	0.0	4.277951397	0.0	0.0	0.0	0.0	0.0	0.0	0.0	0.0
Fyb	7	3.714795011	5.365972428	1.782408565	5.41280442	1.929984774	3.975446766	0.807354922	0.0	0.5555156565	0.0	0.0	0.3253822795
Dpysl2	7	8.245790363	8.774161097	8.349126389	7.9183129255	5.8691685965	7.141596278	6.385431037	10.04060481	7.5907340805	6.125822049	0.068751762	0.0
Ifitm1	7	8.696411199	0.0	9.29041058	1.955443066	4.443686933	7.197708158	7.404119724	0.0	4.724626229	0.0	0.0	0.0
Samsn1	7	7.516251583	2.35614381	6.862451391	4.8633853875	6.519136393	6.826548487	5.456149035	0.790772038	4.6021076585	2.49621428	0.515979871	2.2135013445
Spns2	7	0.847996907	0.59454855	4.791814071	0.0	2.087482809	0.757023247	0.0	0.0	0.1609640475	0.0	0.0	0.0
Ifitm3	7	9.960161257	1.855989697	9.75043902	10.028843979	7.0547102685	7.930145948	8.330065347	7.819923596	8.4299079915	7.966875383	0.0	6.7502109765
Pdzk1ip1	7	0.0	0.0	0.0	4.601073669	0.0	0.0	0.0	0.0	0.0	0.0	0.0	0.0
Pitpnc1	7	6.605553595	6.073820233	6.447248569	5.023906389	6.9869491615	5.445925299	5.209063395	0.782408565	4.5775223095	3.997625229	2.3289228815	1.035194664
Rbp1	7	0.0	0.0	0.0	0.0	0.0	0.0	0.0	0.0	0.0	0.0	0.0	0.0
Arglu1	7	9.795763702	9.245457633	10.1875624	8.883084315	9.0079568825	9.06773013	9.068939464	8.931948929	8.7559282565	8.5218088395	8.2329447575	5.704939624
Rbm26	7	7.54712589	3.854993017	7.733557714	6.7708820655	6.068172383	6.231509211	6.499367566	4.750070486	6.2317247005	5.8408005085	5.093661189	0.125480787
Zfp36l2	7	9.417894698	7.623442581	8.918744001	7.275498121	7.0099789095	7.134323634	6.962317655	7.449973986	7.12535519	6.303778795	4.6107587615	0.2111165005
Gnb1	7	10.14922633	7.698149009	10.46836949	10.1076457405	9.139269669	9.610452772	9.851686586	10.02196547	9.502022681	9.3998114275	8.975163805	7.5120723635
Gata2	7	0.443606651	0.464668267	6.797012978	7.302268275	7.777600156	7.141494101	2.606442228	0.422233001	0.0	0.0	0.0	0.0
Vamp5	7	5.100977648	0.82374936	7.451540833	8.2490830555	9.2085045335	5.863195112	4.733896605	0.731183242	0.0	0.0	0.0	5.897827575
Slc22a3	7	0.575312331	0.0	0.669026766	5.4768444755	4.229791219	2.526068812	0.632268215	0.0	0.0	0.0	0.0	0.0
Vezf1	7	2.521050737	0.713695815	5.488322191	5.5710516135	3.385955991	4.121015401	3.012568674	0.545968369	0.774366266	0.150501128	0.113254265	0.31352323
Muc13	7	1.10433666	0.584962501	6.695576306	7.402578189	7.3706778755	7.461070114	7.286511558	0.5360529	1.1442678755	1.080621379	0.0	0.0
Gnb4	7	0.0	0.0	0.0	0.0	1.190281615	0.0	0.0	0.0	0.0	0.0	0.0	0.0
Ptrf	7	0.0	0.0	0.0	2.6559240995	4.907673714	2.220329955	0.0	0.275007047	0.0	0.0	0.0	0.0
Rtp4	7	4.003602237	4.904965719	0.641546029	0.0	0.0	0.0	0.0	0.0	0.0	0.0	0.0	0.0
Sox4	7	3.815575429	0.0	2.684818738	0.0	0.0	2.333423734	2.443606651	0.0	2.2985122815	0.0	0.0	0.0
Cd34	7	9.665673454	1.007195501	7.808899839	1.831512878	0.629832092	8.553706082	8.388318713	4.317593505	9.157377556	7.746465868	0.395052371	0.0
Eltd1	7	7.30241045	0.0	7.118629666	0.438283029	0.0	3.906890596	6.449891473	0.0	1.584224746	1.6307954945	0.2690207265	0.0
Tspan13	7	6.610434315	0.0	6.351910961	1.881705787	4.2801215105	3.731183242	3.414135533	0.0	0.0	0.0	0.0	0.0
Elf1	7	7.71609922	0.40053793	6.226701185	7.500756261	0.835646686	5.687060688	5.93593114	6.042644337	6.9424829645	6.272984136	5.7550013845	2.243903942
Xrcc6	7	5.751142325	0.0	1.361768359	6.0336319145	6.9889850555	3.423578171	5.014801602	0.713695815	5.192566391	5.3157204145	5.2203286575	0.0
Dusp2	7	5.308521062	0.0	3.424922088	0.0	0.0	1.839959587	1.063502942	0.0	0.8533205285	0.0	0.0	0.0
Mta3	7	4.147306699	0.0	0.963474124	0.0	5.408210255	1.304511042	0.411426246	0.0	0.731418801	0.0	0.0	0.0
Clec2i	7	0.0	0.0	0.0	0.0	0.0	0.0	0.0	0.0	0.2164797035	0.0	0.0	0.0
Ldlrad4	7	0.0	0.0	0.0	0.0	0.0	0.0	0.0	0.0	0.0	0.0	0.0	0.0
Carns1	7	0.0	0.0	0.0	0.0	0.0	0.0	0.0	0.0	0.0	0.0	0.0	0.0
Bfsp2	7	0.0	0.0	0.0	0.0	0.0	0.0	0.0	0.0	0.0	0.0	0.0	0.0
Cobll1	7	0.0	0.0	0.0	0.0	0.0	0.0	0.0	0.0	0.0	0.0	0.0	0.0
Actn2	7	0.0	0.0	0.0	0.0	0.0	0.0	0.0	0.0	0.0	0.0	0.0	0.0
Evl	7	0.0	3.137503524	0.0	0.0	0.0	0.0	0.0	0.0	0.0	0.0	0.0	0.0
Slc35d3	7	0.0	0.0	0.0	0.886048396	0.0	0.0	0.0	0.0	0.0	0.0	0.0	0.0
Ccl3	7	3.524815928	0.0	0.0	0.0	0.0	0.0	0.0	0.0	0.0	0.0	0.0	0.0
Crip1	7	8.915222101	11.14563925	7.657782896	8.2816019505	8.61569077	7.74819285	7.915939117	12.25546238	7.0993952015	6.620419512	5.3331966935	0.0
Mef2c	7	6.54426899	0.464668267	4.131754091	8.022349475	3.040478031	0.59454855	5.483170853	1.286881148	6.106667975	3.801010157	1.775548803	0.0
Il18rap	7	0.422233001	9.623003538	0.0	0.0	0.0	0.0	0.0	0.0	0.0	0.0	0.0	1.4682483035
Notch1	7	0.871843649	0.163498732	0.0	0.0	0.0	0.0	0.0	0.0	0.8159479295	0.383530749	0.244565926	1.0512282885
Slc18a1	7	0.0	0.0	0.0	0.0	0.0	0.0	0.0	0.0	0.0	0.0	0.0	0.0
Ccdc135	7	0.0	0.0	0.0	0.0	0.0	0.0	0.0	0.0	0.0	0.0	0.0	0.0
Rag2	7	0.0	0.0	0.0	0.0	0.0	0.0	0.0	0.0	0.0	0.0	0.0	0.0
Ccl4	7	5.285772093	0.0	1.673556424	0.0	0.0	0.0	0.0	0.0	0.0	0.0	0.0	0.0
Rgl1	7	0.0	0.0	0.0	0.0	0.0	0.0	0.0	0.0	0.0	0.0	0.0	0.0
Lck	7	0.895302621	4.252476214	0.0	0.0	0.0	0.0	0.0	0.0	0.0	0.0	0.0	0.0
Gimap7	7	0.0	0.0	0.0	0.0	0.0	0.0	0.0	0.0	0.0	0.0	0.0	0.0
Cnn3	7	0.713695815	0.0	0.0	0.0	0.0	0.0	0.0	0.0	5.28731488	0.485390023	0.0	0.0
Wfdc18	7	0.0	0.0	0.0	0.0	0.0	0.0	0.0	0.0	0.0	0.0	0.0	0.0
Lpar1	7	0.0	0.0	0.0	0.0	0.0	0.0	0.0	0.0	0.0	0.0	0.0	0.0
Tmem108	7	0.0	0.0	0.0	0.0	0.0	0.0	0.0	0.0	0.0	0.0	0.0	0.0
Ifi27l2a	7	0.0	0.0	0.0	0.0	0.0	0.0	0.0	0.0	0.0	0.0	0.0	0.0
Tlr7	7	0.0	0.0	0.0	0.0	0.0	0.0	0.0	0.0	0.0	0.0	0.0	0.0
Ddx4	7	0.0	0.0	0.0	0.0	0.0	0.0	0.0	0.0	0.0	0.0	0.0	0.0
Tcf4	7	5.576824431	0.22650853	4.108524457	2.247028566	4.138034977	1.970853654	3.958842675	4.044394119	4.4146000495	2.49806781	0.2316019605	0.0
Emp1	7	0.0	0.0	0.0	0.0	0.0	0.0	0.0	0.0	0.0	0.0	0.0	0.0
H2-Ob	7	3.635754391	0.0	0.0	0.0	0.2111165005	0.0	0.0	2.09085343	0.0	0.0	0.0	0.0
Pan3	7	8.479093103	7.163498732	8.236970886	5.269714888	6.7272304985	6.585413272	6.653776599	6.850249358	6.395475188	6.024907806	5.6562615435	2.484137555
Wfdc17	7	7.731726323	0.0	0.0	0.0	0.0	0.0	0.0	0.0	0.0	0.0	0.0	0.0
Satb1	7	5.310703657	0.0	0.286881148	0.0	0.0	0.992768431	0.0	0.0	1.56041649	0.0	0.0	0.0
Myl10	7	0.0	0.0	0.0	0.0	0.0	0.0	0.0	0.0	0.0	0.0	0.0	0.0
Il1r1	7	4.050501697	0.0	0.0	0.0	0.0	0.0	0.0	0.0	0.0	0.0	0.0	0.0
Il12a	7	8.457257742	0.0	0.82374936	2.209263651	0.0	0.0	0.0	0.0	3.327263598	0.7697655355	0.2478475815	0.0
Sdc4	7	0.782408565	0.0	0.0	0.0	0.0	0.0	0.0	0.0	0.0	0.0	0.0	0.0
Il7r	7	0.0	0.0	0.0	0.0	0.0	0.0	0.0	0.0	0.0	0.0	0.0	0.0
Cox6a2	7	0.0	0.0	0.0	0.0	0.0	0.0	0.0	0.0	0.0	0.0	0.0	0.0
Flt3	7	8.324450605	0.0	1.042644337	0.0	0.0	0.0	0.0	5.877989585	3.1555807915	0.0	0.0	0.0
Arpp21	7	0.0	0.0	0.0	0.0	0.0	0.0	0.0	0.0	0.0	0.0	0.0	0.0
Mn1	7	7.616989855	0.0	0.333423734	0.0	0.0	0.0	0.0	0.0	0.0	0.0	0.0	0.0
Dntt	7	8.327238248	0.0	0.0	0.0	0.0	0.0	0.0	0.0	0.0	0.0	0.0	0.0
Spry2	7	5.999774561	7.056908618	5.073391816	2.0284001315	0.0	5.256255873	5.172327492	0.0	0.2924812505	3.680323918	5.21217937	0.0
Fads3	7	0.0	0.0	0.0	0.0	0.0	0.0	0.0	0.0	0.0	0.0	0.0	0.0
Egfl7	7	5.959538341	0.0	0.0	0.0	2.3358448315	0.0	0.0	0.0	3.9390266825	0.0	0.0	0.0
Tcf7l2	7	4.503348735	0.0	0.650764559	0.0	0.0	0.0	0.0	0.0	0.0	0.0	0.0	0.0
Notch2	7	5.523248293	4.375039431	5.234961095	2.912791065	4.404956718	4.111031312	3.775050541	7.399683809	3.8991432255	3.528557777	2.5395866385	2.783255378
Kdm6b	7	4.106850796	0.0	3.59812696	0.640478157	2.0226122615	3.218781168	3.13422094	0.757023247	1.631787658	1.459345767	1.7001938205	2.695822004
Gvin1	7	2.895302621	5.081936082	2.283921772	0.344783772	0.0071776465	0.584962501	0.50589093	0.765534746	0.911059137	1.1074975675	0.4904879065	0.0071776465
Gm4070	7	5.498250868	7.817111573	3.907852072	1.616115477	0.0071776465	1.875780063	2.137503524	2.948600847	3.138493951	2.981240965	1.1982167655	0.0
Gm17757	7	1.815575429	4.771357409	1.5360529	0.166711867	0.0	0.604071324	1.195347598	0.0	0.9366309975	1.4356261295	0.5896918275	0.11939343
Gm1966	7	5.63691458	7.746984506	3.499527024	1.968916998	0.0	2.987320866	3.217230716	2.319039816	4.0699866775	4.418120351	3.8501328065	0.8556373155
Pigr	7	2.518535139	0.0	0.333423734	0.383785028	0.0	0.367371066	2.09423607	0.0	0.0	0.6135008375	2.3864310915	0.658507287
Lef1	7	0.0	7.855304553	0.0	0.0	0.0	0.0	0.0	0.0	0.0	0.0	0.0	0.0
Gimap3	7	0.0	9.843811157	0.0	0.0	0.0	0.0	0.0	0.0	0.0	0.0	0.0	0.0
Tulp4	7	0.0	5.044831233	0.0	0.0	0.0	0.0	0.0	0.0	0.0	0.0	0.0	0.0
Cd247	7	0.0	7.009772644	0.0	0.0	0.0	0.0	0.0	0.0	0.0	0.0	0.0	0.0
Gbp4	7	0.0	5.015693807	0.0	0.0	0.0	0.0	0.0	0.0	0.0	0.0	0.0	0.0
Itgal	7	0.495695163	7.292137545	0.0	0.0	0.0	0.545968369	0.35614381	0.263034406	1.778643771	0.8598326765	0.0	0.774957777
Apol7e	6	0.0	9.788767264	0.0	0.0	0.0	0.0	0.0	0.0	0.0	0.0	0.0	0.0
Apol7b	6	0.0	9.788767264	0.0	0.0	0.0	0.0	0.0	0.0	0.0	0.0	0.0	0.0
Ccl5	6	0.0	13.59543466	0.0	0.0	0.0	0.0	0.0	0.0	0.0	0.0	0.0	0.0
Cd7	6	0.0	9.71336933	0.0	0.0	0.0	0.0	0.0	0.0	0.0	0.0	0.0	0.0
Klri2	6	0.0	6.411256746	0.0	0.0	0.0	0.0	0.0	0.0	0.0	0.0	0.0	0.0
Klrb1c	6	0.0	6.320845668	0.0	0.0	0.0	0.0	0.0	0.0	0.0	0.0	0.0	0.0
Cd2	6	0.0	11.23152121	0.0	0.0	0.0	0.0	0.0	0.0	0.0	0.0	0.0	0.0
Ncr1	6	0.0	12.23266675	0.0	0.0	0.0	0.0	0.0	0.0	0.0	0.0	0.0	0.0
Klrd1	6	0.0	11.52980143	0.0	0.0	0.0	0.0	0.0	0.0	0.0	0.0	0.0	0.0
Xcl1	6	0.0	10.71416823	0.0	0.0	0.0	0.0	0.0	0.0	0.0	0.0	0.0	0.0
Traf1	6	0.0	6.658925511	0.0	0.0	0.0	0.0	0.0	0.0	0.0	0.0	0.0	0.0
Ahnak	5	0.0	5.66106548	0.0	0.0	0.0	0.0	0.0	4.782408565	0.070389328	0.0	0.0	0.0
Ppfia4	5	0.0	0.0	0.0	0.0	0.0	0.0	0.0	7.249919335	0.0	0.0	0.0	0.0
Cdon	5	0.0	0.0	0.0	0.0	0.0	0.0	0.0	0.0	0.0	0.0	0.0	0.0
Itgb7	5	0.0	1.201633861	0.0	0.0	0.0	0.0	0.0	7.76513689	0.0	0.0	0.0	0.0
Kmo	5	0.0	0.0	0.0	0.0	0.0	0.0	0.0	8.468664768	0.0	0.0	0.0	0.0
Ckb	5	0.0	0.0	0.0	0.0	0.0	0.0	0.0	6.415826257	0.0	0.0	0.0	0.0
Pqlc2	5	0.0	0.0	0.0	0.0	0.0	0.0	0.0	6.356495988	0.0	0.0	0.0	0.0
Slc46a3	5	0.0	0.0	0.0	0.0	0.0	0.0	0.0	6.590811576	0.0	0.0	0.0	0.0
Camk1d	5	0.59454855	0.22650853	0.0	0.0	0.0	0.0	0.0	6.269407241	0.0	0.0	0.0	0.0
Rnd3	5	0.0	0.0	0.0	0.0	0.0	0.0	0.0	3.675815931	0.0	0.0	0.0	0.0
Cd74	5	0.0	0.0	0.0	0.0	1.055515656	0.0	0.0	13.65332654	0.0	0.0	0.0	0.0
Clec9a	5	0.0	0.0	0.0	0.0	0.0	0.0	0.0	2.361768359	0.0	0.0	0.0	0.0
Slamf7	5	0.0	5.586464526	0.0	0.0	0.0	0.0	0.0	4.527946099	0.0	0.0	0.0	0.0
H2-Aa	5	0.0	0.0	0.0	0.0	0.5071776465	0.0	0.0	13.66902344	0.0	0.0	0.0	0.0
Ptpro	5	0.0	0.0	0.0	0.0	0.0	0.0	0.0	8.647422449	0.0	0.0	0.0	0.0
Mycl	5	0.0	0.0	0.0	0.0	0.0	0.0	0.0	4.712045449	0.0	0.0	0.0	0.0
Ifi205	5	0.0	0.0	0.0	0.0	0.0	0.0	0.0	9.125258473	0.0	0.0	0.0	0.0
Tspan33	5	0.0	0.0	0.0	0.0	0.0	0.0	0.0	3.895302621	0.0	0.0	0.0	0.0
H2-Ab1	5	0.0	0.0	0.0	0.0	0.0	0.0	0.0	12.78997983	0.0	0.0	0.0	0.0
AI607873	5	0.0	0.0	0.0	0.0	0.0	0.0	0.0	4.517275693	0.0	0.0	0.0	0.0
Slamf8	5	0.0	0.0	0.0	0.0	0.0	0.0	0.0	2.837943242	0.0	0.0	0.0	0.0
L1cam	5	0.0	0.0	0.0	0.0	0.0	0.0	0.0	0.86393845	0.0	0.0	0.0	0.0
Tmem51	5	0.0	0.0	0.0	0.0	0.0	0.0	0.0	0.0	0.0	0.0	0.0	0.0
Aif1	5	0.0	0.0	0.0	0.0	0.0	0.0	0.0	7.789142353	0.0	0.0	0.0	0.0
Capn2	5	0.0	0.0	0.0	0.0	0.0	0.0	0.0	7.735454482	0.0	0.0	0.0	0.0
Plbd1	5	0.0	0.0	0.0	0.0	0.0	0.0	0.0	9.842601772	0.0	0.0	0.0	4.061918441
Lgals3	5	0.0	0.0	0.0	0.0	0.0	0.0	0.0	8.358958826	0.0	0.0	0.0	5.87360016
Naaa	5	0.0	0.0	0.0	0.0	0.0	0.0	0.0	8.039302925	0.0	0.0	0.0	0.0
Batf3	5	0.0	0.0	0.0	0.0	0.0	0.0	0.0	5.46760555	0.0	0.0	0.0	0.0
March1	5	0.0	0.0	0.0	0.0	0.0	0.0	0.0	5.652199648	0.0	0.0	0.0	0.0
H2-Eb1	5	0.0	0.0	0.0	0.0	0.0	0.0	0.0	10.46610706	0.0	0.0	0.0	0.0
Ciita	5	0.0	0.0	0.0	0.0	0.0	0.0	0.0	3.314696526	0.0	0.0	0.0	0.0
Snx21	5	0.0	0.0	0.0	0.0	0.0	0.0	0.0	0.0	0.0	0.0	0.0	0.0
Amica1	5	0.0	0.0	0.0	0.0	0.0	0.0	0.0	4.95373085	0.0	0.0	0.0	0.0
Dpep2	5	0.0	0.0	0.0	0.0	0.0	0.0	0.0	0.0	0.0	0.0	0.0	0.0
Lifr	5	0.0	0.0	0.0	0.695306331	0.0	0.0	0.0	0.555816155	0.4904879065	0.0	0.0	0.081749366
Gramd3	5	0.0	0.0	0.0	0.0	0.0	0.0	0.0	0.0	0.0	0.0	0.0	0.0
Fgd2	4	0.0	0.526068812	0.0	0.2270879465	0.0	0.0	0.0	9.510586169	3.768517157	0.3673277165	0.0	0.0
Irf8	4	0.871843649	1.03562391	0.0	0.500720987	0.517882327	0.40053793	2.693765712	10.50878516	7.8584996575	7.1847059365	0.0	0.0
Ms4a6c	4	1.773996325	5.224966365	1.655351829	0.645566006	0.857551318	6.467116418	4.930264245	7.779062689	9.240264057	7.9807788375	0.6134083825	0.0
Tpm4	4	1.257010618	0.782408565	0.0	0.7161590335	0.694645731	0.0	0.443606651	9.701687664	6.9276188965	0.454137459	0.0	0.0
Tmsb10	4	7.967572118	10.75240574	7.508983185	7.280618912	7.1707353595	7.353146825	7.079164742	11.84225212	8.1887831345	7.445550246	4.7341596925	5.057015338
BC035044	4	6.923505768	0.0	0.545968369	0.4800334115	0.426798253	6.21042783	7.101818134	6.648896806	9.017380764	8.30806157	5.794480147	0.0
Emb	4	8.541638734	7.364484887	3.46727948	0.578780588	0.7780552765	7.459923363	8.428485801	4.839455765	9.5794542115	9.0368449765	6.29771219	0.0
Itpripl1	4	7.927244629	8.698600497	6.458283564	5.0563041985	6.651305583	6.000901403	6.98208091	10.1048215	8.7241828595	7.39234607	0.4289904975	0.310152441
Rasa4	4	0.411426246	0.0	0.0	0.0	0.0	0.0	0.0	2.942983598	3.3287163945	2.9575931205	0.0	0.0
Bex6	4	6.689997971	0.0	0.0	0.0	0.0	0.0	2.634593268	0.0	8.2842098945	6.5727349325	0.0	0.0
Selplg	4	6.518535139	0.0	4.024142346	0.0	4.22384497	5.567119488	6.967975516	10.03954969	7.9827725555	7.024622224	4.639596342	3.506649052
Sell	4	7.118214353	7.53099149	0.970853654	0.878170076	0.454137459	6.416333089	4.991408467	9.235272317	8.9849057745	8.3591162275	6.072779011	3.4637159555
Psap	4	1.269033146	0.0	0.50589093	0.0	0.0	0.0	0.422233001	8.332215615	3.673321574	2.7580895405	0.7092299185	2.7928568545
Dhrs3	4	9.245814126	0.0	1.570462931	5.3328072395	0.0	0.0	0.0	10.11530381	8.715704001	6.059264222	0.0	0.0
Cd300lb	4	0.0	0.0	0.0	0.0	0.0	0.0	0.0	0.0	1.6821251205	0.0	0.0	0.0
C1galt1c1	4	0.0	0.0	0.0	0.0	0.0	0.0	0.0	0.0	0.978028326	5.26209209	0.0	0.0
Anxa2	4	4.026800059	11.67814235	0.790772038	1.139943627	1.0942321135	5.062208078	7.064796646	11.33676316	8.5337731615	7.9813672825	4.8150307915	9.481681399
Fabp5	4	0.0	1.443606651	0.0	5.682833366	0.0	5.604664415	6.571828473	1.333423734	7.769801375	7.1131661445	0.0	0.0
Fcer1g	4	5.582556003	11.55747327	0.0	0.0	0.0	8.411765185	6.708049252	11.07832429	9.1775423105	9.211867022	7.180204602	10.361925865
Tmem229b	4	0.0	0.0	0.0	0.0	0.0	0.344828497	0.782408565	3.211012193	5.4640929885	4.0035472815	0.3207730145	0.0
Pkib	4	0.0	0.0	0.0	0.0	0.0	0.0	0.0	3.880685525	0.804215391	0.4582765385	0.0	0.0
Ms4a4c	4	0.0	1.250961574	0.0	0.0	0.0	0.0	0.0	2.627606838	3.5947067155	0.0	0.0	0.0
Cfp	4	0.0	0.0	0.0	0.0	0.0	0.0	0.0	4.862947248	7.5766975595	5.6995641795	1.525990536	0.517811955
Lgals1	4	5.652199648	10.13324498	5.64096791	0.61939343	8.4110723655	9.034111146	8.571600972	10.6846522	9.820700855	9.3949825705	6.464062243	0.0
Unc93b1	4	3.116031993	0.0	0.0	0.0	0.0	0.0	0.443606651	8.813011549	5.684617632	7.1402353445	5.435404818	0.713266569
Met	4	0.0	0.0	0.0	0.0	0.0	0.0	0.0	0.250961574	0.0	0.111031312	0.0	0.0
Milr1	4	1.510961919	0.0	0.739848103	0.3785116235	1.1463908745	1.682573297	5.689299161	7.006522446	7.418528278	7.7484549995	0.443450634	2.3533564405
Ctsh	4	0.0	0.0	0.0	0.0	0.0	0.0	0.0	7.404204897	0.8154822735	4.70441621	0.0	3.311699341
Ctss	4	1.0	0.0	0.0	0.0	0.0	0.0	0.0	8.925317062	8.02376863	0.6090805935	0.0	0.0
Nrp1	4	0.0	0.0	0.0	0.0	0.0	0.0	0.0	3.7322692	0.2203166675	0.0	0.0	0.0
Gria3	4	0.0	0.0	0.0	0.0	0.0	0.0	0.389566812	0.0	7.0666143985	4.8042020835	0.3840392175	0.0
Pld4	4	0.0	0.0	0.0	0.0	0.0	0.0	0.0	9.082973963	4.496466478	1.8976756825	0.0	0.0
Csf1r	4	0.0	0.0	0.0	0.0	0.0	0.0	0.0	0.344828497	5.363716561	2.5929332725	0.0	0.0
Rassf4	4	0.0	0.0	0.0	0.0	0.0	0.0	0.150559677	6.798569004	4.140798128	5.008712113	0.2320204355	0.0
Tifab	4	0.0	0.516015147	0.0	0.178071905	0.310152441	0.0	0.485426827	8.656424863	8.193913287	7.249762637	4.978575404	0.0
F13a1	4	0.0	0.678071905	0.0	0.5155564205	0.4054888585	0.286881148	0.263034406	0.22650853	8.6243250185	8.2659139205	2.2140946505	0.0
Ccr2	4	0.0	8.77445764	0.0	0.36167006	0.0	0.0	0.0	11.00379897	6.943491222	5.114755389	0.0	0.0
Pyhin1	4	0.0	5.130519083	0.0	0.0	0.0	0.0	0.0	4.438292852	6.749533414	5.344684703	0.0	0.0
Ly86	4	0.0	0.0	0.0	0.0	0.0	0.0	0.0	8.856550028	9.222119271	8.466327056	0.0	0.0
Mpeg1	4	0.0	0.0	0.0	0.0	0.0	0.0	0.0	7.976019878	0.955884134	0.0	0.0	0.0
Ass1	4	1.448900951	0.0	0.0	1.5694727485	8.2240860555	1.875780063	7.04220656	10.15175229	8.2380493605	8.328660481	2.981229397	0.0
Il6st	4	0.0	0.0	0.0	0.0	0.0	0.0	0.0	0.0	2.3488896895	0.0	0.0	0.0
Glipr1	4	6.927777962	0.0	4.414812061	4.589016183	0.863393815	7.252381596	7.982137968	8.506803438	9.445722988	8.6793250665	6.5007222185	2.7643637905
Clec7a	4	0.0	0.0	0.0	0.0	0.0	0.0	0.0	0.0	0.0	0.0	0.0	0.0
Gm15987	4	0.0	0.0	0.0	0.0	0.0	0.0	0.0	0.0	0.0	0.0	0.0	0.0
Tk1	4	0.0	0.0	0.0	1.1850821405	3.73940786	1.182692298	3.195347598	0.0	6.891552272	7.5386931815	7.053112633	0.0
Nrg1	4	0.0	0.0	0.0	0.0	0.0	0.0	0.0	0.0	0.0	0.0	0.0	0.0
Atp1a3	4	0.0	0.0	0.0	0.0	0.0	0.0	0.0	0.0	0.595654984	0.5897555255	0.0	0.0
Gpr141	4	0.0	0.0	0.0	0.0	0.0	0.0	0.0	0.0	0.0	0.0	0.0	0.331786168
Bid	3	0.575312331	0.731183242	0.0	0.9968371805	0.4279948485	0.910732662	5.303780748	3.884597921	5.9781309715	7.072158506	6.9021450995	0.0
Rnaseh2c	3	0.0	0.0	0.0	3.0502607395	5.284063473	3.524815928	4.910732662	0.0	2.881631418	5.9483667585	6.533065623	7.439329948
Ftl1	3	11.31472484	11.2317132	11.55664495	11.14161654	11.422229425	11.56795608	11.33069284	11.4793963	11.537825595	12.083844195	12.001046865	11.51412426
Glrx	3	1.443606651	1.550900665	0.910732662	0.0	4.54036347	6.10706011	7.172027399	2.381283373	4.559916311	7.702719916	8.598222938	8.7320572615
Rab32	3	0.0	0.0	0.0	0.0	0.0	0.0	3.279471296	0.731183242	1.214767813	6.0120721775	7.69820804	5.712826736
Soat1	3	0.310340121	0.0	0.333423734	0.321928095	0.0	0.555816155	2.94673086	0.35614381	2.308849066	5.1941604865	3.6669131075	2.3886572505
F10	3	0.0	0.0	0.0	0.0	0.0	0.0	0.0	0.0	0.0	0.35614381	4.307227019	0.143440574
Tom1	3	0.0	0.0	0.0	0.0	0.0	0.0	0.0	0.0	0.0	3.014337614	6.4877538345	4.956439879
G6pdx	3	0.0	0.0	0.0	0.448891272	4.523674172	1.480265122	3.828834649	0.669026766	2.441898372	6.455921801	5.391515398	8.374591002
S100a11	3	8.529508641	7.429448588	7.801676029	5.725742908	8.269240575	8.878725341	9.334273285	9.768250502	8.718982748	9.825198543	11.028128985	11.5430238
Pnkp	3	0.0	0.0	0.0	0.0	0.0	0.641546029	0.0	0.0	0.939852883	4.651481875	6.715085227	5.803930065
Rps6ka1	3	2.570462931	0.0	2.49057013	3.0430734215	0.1375035235	5.828834649	6.408711861	0.454175893	6.251309407	7.2616733805	8.165176831	6.686400712
Cdk2ap2	3	1.454175893	7.046141782	0.0	1.95693777	3.7292262745	2.680324357	6.747253114	0.0	5.8919224135	6.8176498345	8.054086924	8.647909446
Ncf4	3	0.815575429	9.395555556	0.0	0.0	0.0	2.039138394	5.195741293	5.909293086	4.3354973335	7.195293656	7.6930971385	9.44869901
Baz1a	3	0.799087306	0.310340121	0.201633861	2.938934688	4.6270249955	4.067810784	4.695993813	2.881664619	5.2517876655	5.758356754	6.433257385	5.4713135505
Tuba4a	3	6.438292852	0.0	4.946262984	6.1258212945	8.1914676585	8.189725741	9.072561395	1.678071905	8.531433757	9.3697287515	10.089742215	9.63394966
Hexa	3	0.584962501	0.0	0.0	0.0	0.862805147	6.189231549	6.268846063	3.965322548	6.7454596	8.3500108805	8.1360685765	6.341301922
Gpx3	3	0.0	0.0	0.0	0.0	0.0	0.0	0.0	0.0	0.0	0.0	5.3106946825	0.0
App	3	0.0	0.0	0.0	0.0	0.0	0.0	0.0	0.0	0.0	3.1469390375	4.365613348	2.367918122
Tspo	3	5.685940148	8.0721058	3.859969548	2.95753335	7.0244948685	8.261812858	8.985955755	10.09082697	9.171778591	9.2958179115	9.2876914965	9.178031126
Pgd	3	1.769771739	0.0	1.0	1.4624869905	5.4382105865	3.311793718	5.499527024	1.815575429	3.653752515	6.9245496635	7.8394120095	5.726858041
Nucb2	3	0.0	0.0	0.0	0.0	0.0	0.0	0.0	0.0	0.0	3.3818545035	6.410185578	1.46980136
Ncf1	3	3.416839742	0.0	0.0	0.0	0.0	0.0	0.0	0.831877241	4.3048981615	6.269463159	7.607844606	8.2367243305
Prdx5	3	3.694880193	0.0	3.689299161	0.0	4.6783364625	7.286326727	7.131136719	0.0	6.974684196	8.397450169	9.876630991	10.80463546
Mgst1	3	0.0	0.0	0.0	0.0	0.0	0.0	4.115199749	0.0	0.4705531555	7.818298196	7.0146787305	9.057752735
Hvcn1	3	0.0	0.0	0.0	0.0	0.0	0.0	0.367371066	0.0	0.0	3.7897232175	7.0629036255	7.747816452
Ptgr1	3	0.0	0.0	0.0	0.0	0.0	0.0	0.422233001	0.0	0.0	6.341182906	8.008733971	5.658635497
Lta4h	3	4.619413011	10.85458013	3.386810946	3.5032500025	4.928896203	8.325215495	8.668743189	6.902194201	9.085687455	9.3884528725	10.53640264	9.758673124
Tyrobp	3	5.140369671	12.78780056	0.0	1.7679767	0.0	8.455491621	8.338870062	10.79121988	10.0850368	9.8098031475	9.3150545805	10.675085145
Sgms2	3	0.0	0.0	0.0	0.0	0.0	0.0	0.137503524	0.0	0.0	4.2383986145	7.2709865625	6.0884733925
Dstn	3	0.50589093	0.0	0.782408565	4.519422741	7.4183441865	5.140778656	7.147510225	0.0	3.747207805	9.3294013705	10.83364554	10.18781927
Gda	3	0.0	0.0	0.0	0.0	0.0	0.0	0.176322773	0.0	0.0	4.442447903	6.486250122	5.4322868505
Hk3	3	0.0	0.516015147	0.0	0.0	0.0	3.559491813	7.014355293	0.298658316	6.7934322345	6.65356055	8.541613584	5.8208225945
Gpc1	3	0.0	0.0	0.0	0.0	0.0	0.0	4.988230223	0.0	3.6990169625	5.689854338	6.703467523	5.8627411585
Slpi	3	0.0	1.275007047	0.0	0.0	0.0	0.0	6.231893162	0.0	7.070105343	8.7682423805	7.17006605	4.4448754785
Clec12a	3	0.0	0.0	0.0	0.560308681	0.589118292	0.757023247	8.365884968	7.048214385	9.0129658935	8.998627217	10.45535013	9.228818009
Anxa3	3	0.0	0.0	0.0	0.0	0.0	2.46727948	7.154818109	0.0	7.920783046	8.4285381035	8.907455701	8.4871630185
Hp	3	0.0	0.0	0.0	0.0	0.0	0.632268215	6.826548487	0.0	1.11939343	8.554543299	10.23321022	11.618938355
Igsf6	3	0.0	0.0	0.0	0.0	0.0	6.475409193	7.367371066	3.549669171	6.9397719445	8.4795831895	10.05965215	9.710502574
Ly6c1	3	0.0	0.0	0.0	0.0	0.0	0.0	0.0	0.0	1.625405011	6.0979133925	6.2689583575	6.4691225025
Ly6c2	3	0.0	1.35614381	0.0	1.381216933	0.0	1.97819563	5.583759754	1.310340121	9.2107959385	12.30813791	12.5424471	11.50866041
Mefv	3	0.0	0.0	0.0	0.0	0.0	0.0	0.0	0.0	0.0	0.333378296	0.0	0.0
Ethe1	3	1.541019153	0.0	1.627606838	0.0	0.0	5.086189313	4.958842675	2.912649865	4.7689165085	6.397957363	7.166447968	7.3879174175
Plin3	3	0.879705766	0.0	0.748461233	0.0	0.4379686485	0.584962501	2.201633861	0.604071324	1.7624330325	3.549656019	6.463529977	4.6455721085
Med21	3	0.0	1.384049807	0.0	0.0	4.7308620865	1.257010618	5.72628629	0.0	6.731767506	7.448667021	7.3624389885	0.0
Ero1l	3	0.0	0.0	0.0	0.2809440975	0.427596204	0.333423734	3.021479727	0.0	0.334150349	3.573164687	5.139973334	3.114968894
2810417H13Rik	3	0.526068812	0.0	0.59454855	4.8056269565	6.130983597	3.102658131	6.296640945	8.007980336	8.1177356795	7.6946136615	6.4408733705	6.33208696
Papss2	3	0.0	0.0	0.0	0.0	0.0	0.0	0.0	0.0	0.0	0.634755985	0.3733283685	0.0
Dok3	3	0.0	0.0	0.0	0.0	0.0	0.0	0.0	0.0	0.0	0.5459345275	3.16003652	2.0605077005
Nhsl2	3	0.0	0.0	0.0	0.0	0.0	0.0	0.0	0.0	0.0	0.035194664	1.3977380265	1.8814720285
Atp6v0c-ps2	3	6.032100843	0.0	6.201829866	5.014498432	5.9268972075	8.216115299	8.075693064	7.081510068	8.2154157165	9.044236028	9.609205641	8.9464844495
Atp6v0c	3	0.0	0.0	0.0	0.0	4.803618268	6.091065078	7.925999419	4.347665656	6.322387357	7.8508737	8.568615952	7.2399465295
Tnfsf13	3	0.0	0.0	0.0	0.0	0.0	0.0	0.0	0.0	0.0	0.0	4.2413519545	0.0
Sun2	3	0.0	0.0	0.0	0.0	0.0	0.495695163	3.641546029	4.135863165	0.0	1.567865928	4.272569507	4.9512389615
Npc2	3	6.295723025	2.887525271	2.386810946	0.667627283	4.799268675	6.739308071	6.577730931	6.717676423	7.3418955355	7.4191555895	6.770070656	0.8796205355
Rps6ka2	3	0.0	0.0	0.0	0.0	0.0	0.0	0.23878686	0.0	0.0	0.1440316005	5.220515329	0.0
Trim45	3	0.0	0.0	0.0	0.0	0.0	0.0	0.0	0.0	0.0	0.0	3.337552284	0.0
Gatm	3	0.555816155	0.0	0.613531653	0.5306461695	7.5485770425	5.320123598	5.866166169	7.743151394	3.425807067	7.5346913875	9.1081452905	5.759812279
Erp29	3	5.417852515	1.176322773	0.963474124	5.354417793	3.96687188	6.879705766	7.63742187	6.599615349	8.511178537	8.691342723	7.0626900335	0.0
Chst12	3	0.0	0.0	0.0	1.827263598	0.361233012	2.786596362	6.178714641	0.713695815	3.5150731185	6.1178257195	7.684000094	6.379334724
Plod3	3	0.0	0.0	0.0	0.0	0.0	0.0	2.521050737	0.0	1.489985222	4.6961046085	4.4072367595	0.0
Kctd20	3	0.0	0.0	0.0	0.6254201665	3.226145334	0.713695815	5.191404729	0.0	2.382992759	5.8612104695	6.1249450945	2.4070188235
Svip	3	0.0	0.0	0.0	0.0	0.0	0.0	0.516015147	0.0	0.7598715865	4.051287077	5.0533648865	2.6547500005
Tmem50b	3	0.0	0.0	0.0	0.0	0.0	0.5360529	0.0	0.565597176	0.0	4.919178569	7.106431835	3.8264637055
Pdia4	3	0.773996325	0.678071905	0.713695815	0.7084739025	0.969011131	6.095713484	6.290203205	4.624685811	7.9760860615	7.860211378	8.1125280255	0.0
Gpi1	3	8.429825157	9.51289845	7.453599885	6.9749012975	7.6007866085	9.391587303	9.513293341	8.662098661	8.5797384635	9.6473816505	10.284834735	10.001104799
Lbp	3	0.0	0.0	0.0	0.0	0.0	0.5360529	3.509695842	0.0	0.2164797035	5.456049652	6.939648667	4.4965450505
Tnfrsf1a	3	0.0	0.0	0.0	0.0	0.0	1.545968369	5.210622644	0.0	1.465009088	5.6371987745	6.7174050065	3.5284608105
Syngr2	3	3.014355293	0.0	0.790772038	5.809727552	7.055836741	6.713695815	7.405311683	8.925673114	7.8720254785	8.5771564595	8.863433366	7.7581630895
B4galt6	3	0.214124805	0.0	0.0	0.0	0.0	0.0	0.0	0.333423734	0.0752798385	1.472429223	5.645460096	0.0621640675
Tcn2	3	0.0	0.0	0.0	0.0	0.0	0.443606651	6.930264245	0.0	0.252945465	4.4953157895	7.1990675335	1.090917026
Tmx4	3	0.333423734	0.0	0.0	0.0	0.3630232285	0.443606651	4.444932049	0.176322773	0.4481165465	4.8810489785	6.9393691595	3.7479590845
F630028O10Rik	3	0.0	0.0	0.0	0.0	0.0	0.695993813	5.455162801	0.0	1.319951783	3.080810843	5.6124787825	6.350734979
Fes	3	0.0	0.0	0.0	0.0	0.0	4.253232939	3.114367025	0.565597176	4.8275730365	5.9837077055	6.371654519	6.32568933
Gng12	3	0.871843649	0.367371066	0.40053793	1.1229759735	3.900321843	6.621319301	5.785812075	0.389566812	6.4592392585	6.4740395875	6.498975588	3.621074963
Mapkapk3	3	0.0	0.0	0.0	0.0	0.4705531555	2.166715445	5.826548487	0.0	4.388538871	5.991704537	6.115410992	6.0004656965
Pxylp1	3	0.0	0.0	0.0	0.0	0.0	0.286881148	0.948600847	0.0	0.0	4.636476988	7.2490309515	2.821469172
Atp6ap2	3	0.855989697	0.0	1.03562391	1.6248440225	5.790565682	5.635754391	7.790185563	1.704871964	5.9106893305	7.609095307	8.886923746	0.200268965
Gm1604b	3	0.0	0.0	0.0	0.0	0.0	0.0	0.0	0.0	0.0	1.7824878055	3.9733303445	4.045696535
Tmem38b	3	0.0	0.485426827	0.0	0.0	0.0	0.0	1.03562391	0.0	0.0	2.084922425	4.529502927	2.398830763
Rasgrp2	3	0.0	0.0	0.0	2.033061821	0.0	2.904965719	4.820178962	0.0	4.093349315	5.1812997075	5.727081262	4.204656429
Bzrap1	3	0.0	0.0	0.0	0.0	0.0	0.0	0.124328135	0.0	0.0	1.1793387855	3.799510089	0.0
Fcgr2b	3	0.0	0.0	0.0	0.0	0.0	1.097610797	4.295723025	0.0	1.9272472095	4.9636221665	6.219880776	0.617771633
Tfec	3	0.0	0.0	0.0	0.0	0.0	0.0	2.485426827	0.0	0.8395992855	5.3867900135	5.380070545	0.0
Pdia6	3	6.03760186	0.773996325	5.362119167	9.1070022315	6.523070891	9.191380052	9.647818156	9.182543333	9.5380626065	9.926084184	9.8307524375	4.070400829
Surf4	3	0.622930351	0.485426827	0.545968369	4.1749064325	5.4703653535	6.108315355	7.601473678	5.071247819	7.317767186	7.5809258935	8.212369291	2.514549729
Adssl1	3	0.0	0.0	0.0	0.0	0.0	0.933572638	4.070389328	0.0	0.0	5.360008167	6.1402480895	1.255101203
Rrm2	3	0.464668267	0.622930351	0.495695163	3.7976171765	4.0847671095	7.444766441	7.744564778	6.100557221	6.7153725495	8.470460153	9.0185824765	7.6016763875
Afap1	3	0.0	0.0	0.0	0.0	0.0	0.0	0.0	0.0	0.0	1.900299842	5.3130140135	0.1570292045
Idh1	3	0.50589093	1.021479727	0.0	0.282798588	0.7769014145	7.329213313	7.260778432	1.124328135	5.8253333035	8.182764684	8.0239712965	5.0241988195
Ctsz	3	0.839959587	1.077242999	0.0	1.413543666	6.1182635295	8.271649772	8.443813825	9.188489943	8.3466152955	9.4196972635	8.830959375	0.707879333
Pgam1	3	2.879705766	1.244887059	1.867896464	6.1542337965	2.4310272915	8.356540004	9.291423983	6.953498063	9.3277964045	9.2566903875	8.86379731	8.033276533
Hdc	3	0.0	0.0	0.0	0.0	0.0	7.493455201	5.687620632	0.0	0.0	4.6396776075	7.7629786815	7.2433332975
Manf	3	1.655351829	1.427606173	1.063502942	5.195498892	3.9039298885	5.586764743	6.991408467	3.962549023	6.6080015515	7.3781167105	7.7308539215	0.816134108
Stom	3	0.0	0.0	0.0	0.0	4.4588866765	0.333423734	0.773996325	0.0	3.6308420325	5.7346485375	7.3033694765	0.0
B4galnt1	3	0.454175893	5.644433152	0.0	0.0	0.0	5.426600226	5.941341105	0.807354922	5.780418128	6.7790584895	7.7360572485	0.0
Rab44	3	0.0	0.0	0.0	0.3945516085	0.238320454	6.613531653	7.488241843	0.333423734	6.804553289	5.958490235	7.3412504545	7.402166686
P4hb	3	6.5360529	8.883345886	4.181897643	7.432695121	6.8704686325	8.532200055	9.381045384	3.659924558	8.826442713	9.738983981	10.37109717	7.023509647
Mtus1	3	0.0	0.0	0.0	0.0	0.0	0.0	5.639810978	0.0	0.0	3.5432618615	5.1341585935	3.398156109
Dmkn	3	0.0	0.0	0.0	0.0	0.0	0.0	0.0	0.0	0.0	5.039792258	7.4314770085	0.0
Tmed3	3	0.748461233	0.933572638	1.070389328	1.1555916925	3.4045785825	7.611246166	8.734167661	1.150559677	8.7712249345	9.494748244	9.965741281	8.478031181
Sdf2l1	3	0.0	6.939226578	0.0	4.5009239165	0.0	6.063287212	6.973152038	5.178714641	4.878725008	6.899173605	7.9344381235	0.0
Msrb1	3	0.0	0.0	0.0	0.0	0.0	2.959770155	3.731183242	0.0	1.447069344	4.8234805665	5.5565615145	6.0387427635
Cldn15	3	0.0	0.0	0.0	0.0	0.0	0.0	2.214124805	0.0	0.0	4.935155694	7.9229328135	6.4948234655
Gstm1	3	3.365972428	0.0	6.480911346	0.8751317375	0.0	7.998534018	8.844329155	0.0	3.962725296	10.372445845	11.69734334	0.263034406
Prss57	3	0.0	0.0	0.0	0.0	0.0	0.333423734	5.708463165	0.0	1.6270173165	6.4471350095	8.7140388735	4.0198858685
Cst7	3	3.158660175	0.0	0.0	3.493326061	3.1984325215	7.640606469	8.81496692	2.124328135	7.293411944	9.1041521285	10.06724814	0.0
Gsr	3	0.0	0.0	0.0	1.066946135	2.906285051	5.166715445	6.123707577	0.0	2.044499035	6.421751901	8.1583777	7.3085074525
Atp8b4	3	0.22650853	6.303963356	0.0	0.316041025	0.0	6.815191137	7.012009901	5.856736756	6.2164918095	7.1338033285	7.9917213025	2.2705095765
Mt1	3	0.0	0.0	0.0	0.0	8.842426178	0.0	4.074676686	0.0	0.7705095765	8.1391277715	9.131479109	0.0
Rgcc	3	0.0	0.0	0.0	0.0	0.0	1.469885976	5.664198369	0.0	0.0	7.3446967435	9.420716242	5.979484431
Ap3s1	3	0.0	0.0	0.0	1.166711867	3.9655271115	8.478729179	8.862203399	2.097610797	7.395733956	8.570765854	8.9022636865	6.5693443455
Prtn3	3	6.688320256	1.182692298	6.094024887	2.083919801	1.04671248	10.09676785	11.24146483	1.316145742	10.76115218	11.714935785	12.585540355	5.670072206
Fcgr3	3	0.0	0.0	0.0	0.0	0.0	1.925999419	7.600061566	0.0	0.0	8.8704050015	9.529317867	6.774620984
Alas1	3	0.0	0.0	0.0	1.412526451	0.411059137	5.818390444	8.032431496	0.321928095	7.1941690775	8.9320048905	9.964083615	5.6511722645
Mpo	3	8.426809856	3.548436625	2.944858446	3.624377464	3.3211089005	13.08758881	13.74717652	3.918386234	13.29911071	14.02281521	14.89978244	2.7228633515
Ctsg	3	0.0	1.207892852	0.0	1.4004551255	1.1946732685	10.41404037	11.04672841	1.280956314	10.34001473	11.309153215	12.094247205	0.904604312
Ms4a3	3	0.0	0.0	0.0	1.0356067445	0.0	8.792367345	9.797985691	0.0	7.399675415	10.45977824	12.05034616	8.6974357535
Elane	3	0.0	0.0	0.0	1.5426273385	0.0	9.7510921	12.83391591	1.815575429	8.865064849	13.62615867	15.13609414	4.18532191
Fam49b	3	0.0	0.0	0.35614381	0.514638091	1.2465162095	1.82374936	3.044394119	5.497612366	2.820437695	4.377856738	6.467434593	3.8306695835
Rn45s	3	10.6977495	11.16093027	10.94320343	11.12069394	10.75327778	11.33354114	11.2086977	10.73606363	11.26332839	11.6391421	11.82546514	11.79888069
Ccdc125	3	0.0	0.0	0.0	0.0	0.0	0.0	0.0	0.0	0.0	1.9602609895	4.90236238	1.503561862
Serpinb1a	3	8.711219557	0.722466024	7.462052319	4.6757758495	1.0424913345	8.904995815	9.362360297	1.09085343	9.235192802	9.21613949	10.486734365	10.246050195
Flot2	3	0.0	0.0	0.0	0.0	0.0	1.695993813	3.867896464	0.0	0.0	2.694895247	3.822049271	3.759630984
Fgl2	3	0.0	0.0	0.0	0.0	0.0	0.0	0.0	0.0	0.0	0.0	2.986545015	0.0
Cerk	3	0.0	2.959770155	0.0	0.0	0.0	0.0	0.432959407	0.0	0.0	0.274957777	3.9181220875	0.0
Chst13	3	0.0	0.0	0.0	0.0	0.0	0.0	0.0	0.0	0.0	0.0	0.0	0.0
Acaa2	3	0.963474124	0.0	0.0	1.3080141385	7.032208042	6.160073098	5.910732662	0.0	7.798434287	7.779225206	6.4985542725	2.5605077005
Kcnip3	3	0.0	0.0	0.0	0.0	0.0	0.0	0.0	0.0	0.0	0.0	1.0929332725	0.0
4933440M02Rik	3	0.0	0.0	0.0	0.0	0.0	0.0	0.0	0.0	0.0	0.0	0.0	0.0
Aoah	2	0.0	0.485426827	0.0	0.0	0.0	0.0	0.0	0.0	0.0	0.0	0.2809440975	1.3598326765
Sema4a	2	0.0	0.0	0.0	0.0	0.0	0.0	0.0	6.341096238	0.0	0.0	4.651561584	3.429533791
Mgst2	2	0.0	0.0	0.0	0.0	0.0	0.0	0.0	0.0	0.0	4.8881712765	7.3226664835	7.1455522465
Pram1	2	0.0	0.0	0.0	0.0	0.0	0.0	0.0	0.0	0.0	0.0	0.7046275735	6.123884855
Syne1	2	0.622930351	0.555816155	0.35614381	0.6709928735	0.685193752	0.411426246	0.35614381	0.40053793	0.238735052	0.2868326815	3.9422134875	6.7979855495
Neu1	2	0.0	0.0	0.0	0.0	0.0	0.0	0.0	0.0	0.0	0.244874217	5.337983631	4.667838093
AB124611	2	0.0	0.0	0.0	0.0	0.0	0.0	0.0	0.0	0.0	0.0	1.719019979	3.5746703345
Mgl2	2	0.0	0.0	0.0	0.0	0.0	0.0	0.0	0.0	0.0	0.0	6.907790021	0.0
Cybb	2	0.0	0.0	0.0	0.0	0.0	0.0	0.0	0.0	0.0	4.273512804	5.224767791	9.1403068455
G0s2	2	0.0	0.0	0.0	0.0	0.0	0.0	0.0	0.0	0.0	0.0	1.1772966035	1.3688866385
Clec5a	2	0.0	0.0	0.0	0.0	0.0	0.0	0.0	0.0	0.0	3.9900369345	6.4882208875	7.521773701
Prom1	2	0.0	0.0	0.0	0.0	0.0	0.0	0.0	0.0	0.0	0.0	5.9840973005	2.5888353395
Ncam1	2	0.0	0.0	0.0	0.0	0.0	0.0	0.0	0.0	0.0	0.0	4.5771052655	5.687611779
Abca13	2	0.0	0.0	0.0	0.0	0.0	0.0	0.0	0.0	0.0	0.0	1.8446495805	3.1364147195
Pilrb1	2	0.0	0.0	0.0	0.0	0.0	0.0	0.0	0.0	0.0	0.0	4.7322256005	6.811801913
C3	2	0.0	0.0	0.0	0.0	0.0	0.0	0.0	0.0	0.0	1.143765698	6.6036219515	8.0458963635
Clec4a2	2	0.0	0.0	0.0	0.0	0.0	0.0	0.0	0.0	0.0	0.0	6.687959472	8.433512618
Fcnb	2	0.0	0.0	0.0	0.0	0.0	0.0	0.0	0.0	0.0	0.0	9.584146731	11.610052695
Fam160a2	2	0.0	0.0	0.0	0.0	0.0	0.0	0.0	0.0	0.0	0.0	1.1541950005	1.9159284895
Csf2ra	2	0.0	0.0	0.0	0.0	0.0	0.0	0.0	2.432959407	0.0	2.0609055755	3.974949531	5.673312129
Tshr	2	0.0	0.0	0.0	0.0	0.0	0.0	0.0	0.0	0.0	0.0	0.0	0.0
Pygl	2	0.0	0.0	0.0	0.0	1.5738161635	0.516015147	1.970853654	0.0	0.1892558115	2.5207353975	5.718496982	7.560813703
Agpat2	2	1.14404637	0.847996907	0.0	0.0	0.0	0.0	0.0	0.0	0.0	0.0	4.7209627905	7.3004866835
Cyba	2	7.035953757	7.901168595	6.503348735	6.443032065	7.988206117	6.708325207	7.858913471	8.816599707	8.222767794	8.587003638	9.4095519705	10.993680125
Arhgdib	2	11.22648445	12.23299645	10.98895446	10.0191832005	9.7194671255	10.85230322	11.29141823	11.69758879	11.28586056	11.606472225	12.52603084	13.11201458
Tmem2	2	0.0	0.0	0.0	0.0	0.0	0.0	1.700439718	0.0	0.0	0.3388555935	3.2392076615	0.898298877
Tanc1	2	0.0	0.0	0.0	0.0	0.0	0.0	0.0	0.0	0.0	0.0	0.0	0.0
Mgam	2	0.0	0.0	0.0	0.0	0.0	0.0	0.0	0.0	0.0	0.0	2.56468891	0.0
Far2	2	0.0	0.0	0.0	0.0	0.0	0.0	0.0	0.0	0.0	0.0	5.794454412	0.149329158
Galns	2	0.0	0.0	0.0	0.0	0.0	0.0	0.0	0.0	0.0	0.0	2.8911623425	4.0957023645
Itgb2	2	0.0	9.075024475	0.0	0.88497048	0.0	0.0	0.0	4.464668267	0.0	0.0	3.4456907575	9.302941191
Tuba8	2	0.0	0.0	0.0	6.6997729305	0.0	0.0	0.0	0.0	0.0	0.0	5.3702700305	6.246081133
Mcu	2	0.0	0.0	0.0	5.805250863	3.665422595	1.15704371	6.357376055	0.0	0.2111165005	5.9717510125	7.6389426235	7.28482936
Mrgpra2b	2	0.0	0.0	0.0	0.0	0.0	0.0	0.0	0.0	0.0	0.0	5.169666639	0.0
Cd63	2	2.263034406	0.0	7.18992337	7.326519705	5.8922290895	9.988400664	8.546662993	0.0	0.0	6.301227431	11.48437692	9.674607471
Olr1	2	0.0	0.0	0.0	0.0	0.0	0.0	0.0	0.0	0.0	0.0	1.452973863	0.7645606445
1700020L24Rik	2	0.0	0.0	0.0	0.0	0.0	0.0	0.0	0.0	0.0	0.0	3.9358343605	3.3680446705
Gm12505	2	0.0	0.0	0.0	0.0	0.0	0.0	0.0	0.0	0.0	0.0	0.7441032445	1.7186405065
Arsb	2	0.0	0.0	0.0	0.0	0.0	0.0	1.021479727	0.464668267	0.11939343	0.622899934	5.176518041	2.225678099
Actn1	2	0.0	0.0	0.0	0.4263989465	0.0	0.0	0.0	0.0	0.0	0.0	4.3347968755	5.283363538
4632428N05Rik	2	0.0	1.815575429	0.0	0.0	0.0	0.0	0.189033824	0.0	0.1070624025	0.7311570635	3.5187674375	6.7908034005
Pde2a	2	0.0	0.0	0.0	0.0	0.0	0.0	0.0	0.0	0.0	0.0	3.0918524235	6.226570357
Dgat2	2	0.0	0.0	0.0	0.0	0.0	0.0	0.0	0.0	0.0	0.0	0.4275164485	2.8233247135
Rhou	2	0.0	0.0	0.0	0.0	0.0	0.0	0.0	0.0	0.0	0.0	0.0	4.6075919965
Chd7	2	0.0	1.996388746	0.0	0.0	0.0	0.0	0.0	0.0	0.0	0.0	3.740303021	0.1681988285
Ptgs1	2	0.0	0.0	0.0	1.514850117	0.0	0.0	0.0	0.0	0.0	0.0	6.303163056	7.112126399
Prkcb	2	0.0	4.054848477	0.0	0.0	0.0	0.0	0.0	0.0	0.0	0.0	3.3599818655	3.9872371235
Pilra	2	0.0	0.0	0.0	0.0	0.0	0.0	0.0	0.0	0.0	0.0	0.898921534	4.932491716
Ltb4r1	2	0.0	0.0	0.0	0.0	0.0	0.0	0.0	0.0	0.0	0.0	3.2465178105	4.264624688
Ceacam1	2	0.0	0.0	0.0	0.0	0.0	0.0	0.0	0.0	0.0	0.0	4.9795970145	7.636143574
Vcam1	2	0.0	0.0	0.0	0.0	0.0	0.0	0.0	0.0	0.0	0.0	6.6080157585	0.1070624025
Mcemp1	2	0.0	0.0	0.0	0.0	0.0	0.0	0.0	0.0	0.0	0.0	3.2531906875	9.1650546775
Slc40a1	2	0.0	0.0	0.0	0.0	0.125480787	0.0	0.0	0.0	0.0	0.0	6.446007922	5.349013976
Gca	2	0.0	0.0	0.0	0.0	0.0	0.0	0.0	0.0	0.0	0.0	6.0313750535	7.8003503285
Cebpe	2	0.0	0.0	0.0	0.0	0.0	0.0	0.0	0.0	0.0	0.0	4.3845393915	5.8294545465
Hsd11b1	2	0.0	0.0	0.0	0.0	0.0	0.0	0.0	0.0	0.0	0.0	7.1850940625	8.2835822195
Mogat2	2	0.0	0.0	0.0	0.0	0.0	0.0	0.0	0.0	0.0	0.0	5.2982626135	1.201770209
Fam101b	2	0.0	0.0	0.0	0.0	0.0	0.0	0.0	0.0	0.0	0.0	3.5229038525	5.3763400135
Pilrb2	2	0.0	0.0	0.0	0.0	0.0	0.0	0.0	0.0	0.0	0.0	1.518163746	6.1039425685
Pglyrp1	2	0.0	10.12562011	0.0	0.0	0.0	0.0	6.761817143	6.183486514	0.0	3.6109167955	10.17987582	12.45327738
Trem3	2	0.0	0.0	0.0	0.0	0.0	0.0	5.403267722	0.0	0.0	6.368839579	9.8053972465	9.7807251765
S100a9	2	0.0	0.0	0.0	0.0	0.0	0.0	0.0	0.0	0.0	0.0	8.2946135975	16.37502477
1100001G20Rik	2	0.0	0.0	0.0	0.0	0.0	0.0	0.0	0.0	0.0	0.0	8.874666672	11.85871449
S100a8	2	0.0	0.0	0.0	0.0	0.0	0.0	1.687060688	0.0	0.0	2.017706384	12.62992288	17.314230065
Tmsb4x	2	10.39990806	13.50402568	10.4590627	11.99993366	6.328510563	10.88810394	10.81330823	13.950483	11.174337415	11.512103875	12.16941955	13.30214882
Aldh3b1	2	0.0	0.0	0.0	0.0	0.0	0.0	0.0	0.0	0.0	0.0	0.0	5.723011259
Gas7	2	0.0	4.907371414	0.0	0.0	0.0	0.0	0.0	0.0	0.0	0.137503524	1.365124332	3.4941480645
Hmgn2	2	10.59284943	2.757023247	10.26518135	10.88158243	9.7867967085	11.05882381	11.54444771	9.674033333	10.85910281	11.42483705	12.242304295	13.21521204
Cd97	2	0.0	6.378511623	0.0	0.0	0.0	0.0	0.0	7.369117459	0.0	0.0	3.079602662	4.5623584415
Slc28a2	2	0.0	5.372603915	0.0	0.0	0.0	0.344828497	2.776103988	0.0	0.0	0.909997551	7.040557152	3.428106928
Tmem53	2	0.0	0.0	0.0	0.0	0.0	0.0	0.0	0.0	0.0	0.0	0.850219859	0.0
Gfi1	2	0.0	0.0	0.0	0.0	0.0	0.0	0.0	0.0	0.0	0.0	3.313485279	0.0
Phkb	2	0.0	0.0	0.0	0.681080629	0.0	0.310340121	1.427606173	0.0	0.2568969535	1.1507352935	5.1149524355	0.0
Sept5	2	0.0	0.0	0.0	0.0	0.0	0.0	0.0	0.0	0.0	0.0	0.0	3.305863578
Camp	2	0.0	0.0	0.0	0.0	0.0	0.0	0.0	0.0	0.0	0.0	0.531751471	16.097410755
Ngp	2	0.0	0.0	0.0	0.0	0.0	0.0	0.0	0.0	0.0	0.0	0.7092299185	16.896796605
Chil3	2	0.0	0.0	0.0	0.0	0.0	0.0	0.0	0.0	0.0	0.0	1.2063907625	14.003951965
Lcn2	2	0.0	0.0	0.0	0.0	0.0	0.0	0.0	0.0	0.0	0.0	0.0	13.8459371
Lrg1	2	0.0	0.0	0.0	0.0	0.0	0.0	0.0	0.0	0.0	0.0	0.0	8.08305903
9830107B12Rik	2	0.0	0.0	0.0	0.0	0.0	0.0	0.0	0.0	0.0	0.0	0.0	2.4469383365
Itgam	2	0.0	0.0	0.0	0.0	0.0	0.0	0.0	0.0	0.0	0.0	1.832707756	7.846760834
Gsn	2	0.0	0.0	0.0	0.0	0.0	0.0	0.0	6.586914829	0.0	0.0	0.1551700605	7.163501877
Gpr84	2	0.0	0.0	0.0	0.0	0.0	0.0	0.0	0.0	0.0	0.0	0.0	3.234500148
Alox5	2	0.0	0.0	0.0	0.0	0.0	0.0	0.0	0.0	0.0	0.0	0.0	7.4992671745
B430306N03Rik	2	0.0	0.0	0.0	0.0	0.0	0.0	0.0	0.0	0.0	0.0	0.0	1.5249199195
Siglece	2	0.0	0.0	0.0	0.0	0.0	0.0	0.0	0.0	0.0	0.0	0.0	5.3334982735
Cd300lf	2	0.0	0.0	0.0	0.0	0.0	0.0	0.0	0.0	0.0	0.0	0.0	4.5192194625
Olfml2b	2	0.0	0.0	0.0	0.0	0.0	0.0	0.0	0.0	0.0	0.0	0.0	1.282627979
Fgr	2	0.0	0.0	0.0	0.0	0.0	0.0	0.0	0.0	0.0	0.0	0.0	1.88227393
C5ar2	2	0.0	0.0	0.0	0.0	0.0	0.0	0.0	0.0	0.0	0.0	0.2264558325	0.373801115
Id2	2	0.0	11.52013737	0.0	0.0	0.0	0.0	0.0	11.40327305	0.0	0.0	4.125518198	8.1252953585
Adpgk	2	0.0	0.0	0.0	0.0	0.0	0.0	0.0	0.0	0.0	0.0	1.199667591	8.4756464515
Arrb2	2	0.0	0.0	0.0	1.764635622	0.0	0.0	0.0	0.0	0.0	0.0	0.0	4.1660164835
Klk14	2	4.904484098	1.150559677	1.097610797	0.0	0.0	1.084064265	5.287250643	0.0	0.0	4.531149108	6.670681456	3.8772460215
Rhox8	2	3.917431755	4.800123353	1.948600847	0.555515656	0.0	1.304511042	2.472487771	0.97819563	0.839937074	2.976334519	5.0316365265	4.330635375
Mylk4	2	0.90303827	0.23878686	0.0	0.1107838945	0.0	0.263034406	0.333423734	0.0	0.1008169305	0.244874217	0.8318544735	1.190946222
Hoxd11	2	0.0	0.0	0.0	0.0	0.0	0.0	0.275007047	0.0	0.0	0.275007047	1.103946426	0.247694087
Ly6i	2	0.0	0.0	0.0	0.0	0.0	0.0	0.0	0.0	0.0	2.326300609	1.024919919	4.796887895
Ly6f	2	0.0	0.0	0.0	0.0	0.0	0.0	0.0	0.0	0.0	0.0	0.0	1.769144915
Mmp9	2	0.0	0.0	0.0	0.0	0.0	0.0	0.0	0.0	0.0	0.0	0.0	0.0
Retnlg	2	0.0	0.0	0.0	0.0	0.0	0.0	0.0	0.0	0.0	0.0	0.0	0.8067658265
Inhba	2	0.0	0.0	0.0	0.0	0.0	0.0	0.0	0.0	0.0	0.0	0.0	0.0
Ear2	2	0.0	0.0	0.0	0.0	0.0	0.0	0.0	0.0	0.0	0.0	0.0	0.439852883
Ltf	2	0.0	0.0	0.0	0.0	0.0	0.0	0.0	0.0	0.0	0.0	0.0	12.98498393
Itgb2l	2	0.0	0.0	0.0	0.0	0.0	0.0	0.0	0.0	0.0	0.0	0.0	9.083058095
Cd177	2	0.0	0.0	0.0	0.0	0.0	0.0	0.0	0.0	0.0	0.0	0.0	10.387313425
Orm1	2	0.0	0.0	0.0	0.0	0.0	0.0	0.0	0.0	0.0	0.0	0.0	5.8483972835
Ifitm6	2	0.0	0.0	0.0	0.0	0.0	0.0	0.0	0.0	0.0	0.0	0.0	8.58247829
C5ar1	2	0.0	0.0	0.0	0.0	0.0	0.0	0.0	0.0	0.0	0.0	0.0	6.602876239
6430548M08Rik	2	0.0	0.0	0.0	0.0	0.0	0.0	0.0	0.0	0.0	0.0	0.0	0.6282638135
Mmp25	2	0.0	0.0	0.0	0.0	0.0	0.0	0.0	0.0	0.0	0.0	0.0	0.0
Mapk13	2	0.0	0.0	0.0	0.0	0.0	0.0	0.0	0.0	0.0	0.0	0.0	5.765264741
Tnfsf13b	2	0.0	0.0	0.0	0.0	0.0	0.0	0.0	0.0	0.0	0.0	0.0	2.3845684915
1700055N04Rik	2	0.0	0.0	0.0	0.0	0.0	0.0	0.0	0.0	0.0	0.0	0.0	0.0
Gp49a	2	0.0	0.0	0.0	0.0	0.0	0.0	0.0	0.0	0.0	0.0	0.0	5.9237492145
Chil1	2	0.0	0.0	0.0	0.0	0.0	0.0	0.0	0.0	0.0	0.0	0.0	7.026331706
Ppp1r42	2	0.0	0.0	0.0	0.0	0.0	0.0	0.0	0.0	0.0	0.0	0.0	0.0
Lyz1	2	3.377123749	0.0	3.019701914	0.0	0.0	3.71918344	4.960697039	4.354028938	4.561166562	5.4129436035	4.5282847195	10.76041951
Lyz2	2	6.43629512	0.0	4.213347282	3.280566821	1.64589754	6.100136671	8.35407303	8.11779892	8.038298816	8.5827695335	7.7581974445	13.95775657
Nqo1	2	0.0	0.0	0.0	0.0	1.580943841	0.0	0.0	0.0	0.0	0.0	0.0	0.0
Col5a1	1	0.0	0.0	0.0	0.0	0.913197974	0.0	0.0	0.0	0.0	0.0	0.0	0.0
Add2	1	0.0	0.0	0.0	0.0	2.0547972905	0.0	0.0	0.0	0.0	0.0	0.0	0.0
Cldn13	1	0.0	0.0	0.0	0.0	0.4199797935	0.0	0.0	0.0	0.0	0.0	0.0	0.0
Aqp1	1	0.0	0.0	0.0	0.0	0.4566697175	0.0	0.0	0.0	0.0	0.0	0.0	0.0
Pklr	1	0.0	0.0	0.0	0.0	0.0	0.0	0.0	0.0	0.0	0.0	0.0	0.0
Reps2	1	0.0	0.0	0.0	0.0	0.0	0.0	0.0	0.0	0.0	0.0	0.0	0.0
Epdr1	1	0.0	0.0	0.0	0.0	0.0	0.0	0.0	0.0	0.0	0.0	0.0	0.0
Epor	1	0.0	0.0	0.0	0.0	2.4114262455	0.0	0.0	0.0	0.0	0.0	0.0	0.0
Ptpn14	1	0.0	0.150559677	0.0	0.0	0.4073367315	0.0	0.0	0.0	0.0	0.0	0.0	0.0
Gypa	1	0.0	0.0	0.0	0.0	0.2111165005	0.0	0.0	0.0	0.0	0.0	0.0	0.0
4933431E20Rik	1	0.0	0.0	0.0	0.0	0.818178903	0.0	0.0	0.0	0.0	0.0	0.0	0.0
Aqp9	1	0.0	0.0	0.0	0.0	4.068944113	0.0	0.0	0.0	0.0	0.0	0.0	0.0
Abcb4	1	0.0	0.0	0.0	0.0	4.3533985655	0.0	0.0	0.0	0.0	0.0	0.0	0.0
Slc25a21	1	0.0	0.0	0.0	0.0	1.487650006	0.0	0.0	0.0	0.0	0.0	0.0	0.0
Kel	1	0.0	0.0	0.0	0.0	2.4331572805	0.0	0.0	0.0	0.0	0.0	0.0	0.0
Ermap	1	0.0	0.0	0.0	0.0	7.0637235335	0.0	0.0	0.0	0.0	0.0	0.0	0.0
Rhd	1	0.0	0.0	0.0	0.0	5.3163260535	0.0	0.0	0.0	0.0	0.0	0.0	0.0
Klf1	1	0.0	0.0	0.0	0.0	7.1850260625	0.0	0.0	0.0	0.0	0.0	0.0	0.0
Ces2g	1	0.0	0.0	0.0	0.0	6.849467015	0.0	0.0	0.0	0.0	0.0	0.0	0.0
Car1	1	0.0	0.0	0.0	1.5046019135	13.209439125	0.0	0.0	2.794935663	0.535194664	0.0	0.0	0.0
Atp1b2	1	0.0	0.0	0.0	0.0	7.6060308135	0.0	0.0	0.0	0.0	0.0	0.0	0.0
Zg16	1	0.0	0.0	0.0	0.0	3.991843122	0.0	0.0	0.0	0.0	0.0	0.0	0.0
Slc38a5	1	0.0	0.0	0.0	0.0	1.342409369	0.0	0.0	0.0	0.0	0.0	0.0	0.0
Spire1	1	0.0	0.0	0.0	0.0	3.9458256365	0.0	0.0	0.0	0.0	0.0	0.0	0.0
Rhag	1	0.0	0.0	0.0	0.0	0.7779080775	0.0	0.0	0.0	0.0	0.0	0.0	0.0
Gm15915	1	0.0	0.0	0.0	0.0	7.595576127	0.0	0.0	0.0	0.0	0.0	0.0	0.0
Trib2	1	0.0	0.0	0.0	0.0	6.6492337945	0.0	0.0	0.0	0.0	0.0	0.0	0.0
Tspo2	1	0.0	0.0	0.0	0.0	6.6955724055	0.0	0.0	0.0	0.0	0.0	0.0	0.0
Optn	1	0.0	0.0	0.0	0.0	3.5760562095	0.0	0.0	0.0	0.0	0.0	0.0	0.0
Blvrb	1	0.0	0.0	0.0	0.0	10.13791494	0.0	0.0	0.0	0.0	0.0	0.0	0.0
Clca1	1	0.0	0.0	0.0	0.0	0.0	0.0	0.0	0.0	0.0	0.0	0.0	0.0
Nfia	1	0.650764559	0.0	3.407352751	1.5003245335	5.639808192	0.201633861	0.0	0.0	0.0621640675	0.1758141645	0.2264558325	0.2106857165
Gstm5	1	0.0	0.0	0.0	0.0	9.018830776	0.0	0.0	0.0	0.0	0.0	0.0	0.0
Slc45a3	1	0.0	0.0	0.0	0.0	1.327584309	0.23878686	0.0	0.0	0.0	0.0	0.0	0.0
Apoe	1	0.0	1.169925001	1.704871964	2.276323791	9.0541037385	6.448074996	2.778208576	0.0	0.0	0.0	0.0	0.0
Gata1	1	0.0	0.0	0.0	6.495907941	8.404103341	0.0	0.0	0.0	0.0	0.0	0.0	0.0
Mfsd2b	1	0.0	0.0	0.321928095	7.037570993	7.788658476	0.298658316	0.0	0.0	0.388893952	0.0	0.0	0.0
Gfi1b	1	0.0	0.0	0.0	6.236935277	6.833192455	0.0	0.0	0.0	0.0	0.0	0.0	0.0
Slc14a1	1	0.0	0.86393845	0.0	8.7261673545	4.8246063495	0.0	0.0	0.0	0.0	0.0	0.0	0.0
Tgfbr3	1	0.0	0.0	0.0	3.5049255035	4.653399515	0.0	0.0	0.0	0.0	0.0	0.0	0.0
Icam4	1	0.0	0.0	0.0	1.3980912055	6.0991470055	0.0	0.0	0.0	0.0	0.0	0.0	0.0
Zfpm1	1	0.0	0.0	0.0	1.8980081195	1.831598292	0.0	0.0	0.0	0.0	0.0	0.0	0.0
Smim5	1	0.0	0.0	0.0	2.7036933725	2.0307671445	0.0	0.0	0.0	0.0	0.0	0.0	4.0074415195
Hemgn	1	0.0	0.0	0.0	2.9724842585	5.833321495	0.0	0.0	0.0	0.0	0.0	0.0	0.0
Clec4d	1	0.0	0.0	0.0	0.459193117	2.983026012	0.0	0.0	0.0	0.0	0.0	0.0	0.0
Gramd1c	1	0.0	0.0	0.0	0.0	0.0	0.0	0.0	0.0	0.0	0.0	0.0	0.0
Gp1ba	1	0.0	0.0	0.0	0.0	0.0	0.0	0.0	0.0	0.0	0.0	0.0	0.0
